2
1
3
4
5
6
139
16
8
7
14
13
9
10
11
12
15
165
140
141
142
143
144
147
145
146
150
148
149
153
151
152
154
169
168
166
167
170
155
156
157
158
159
160
162
161
163
197
171
172
173
174
175
176
178
177
181
179
180
184
182
183
185
186
187
189
188
191
190
193
192
201
200
198
199
202
249
238
239
240
241
242
243
244
246
245
247
232
203
204
205
206
207
208
209
210
211
212
221
213
214
215
216
219
218
217
220
223
222
224
228
227
230
229
19
98
81
82
83
84
85
102
101
99
100
103
133
104
105
106
107
108
137
136
134
135
138
226
225
236
235
233
234
237
45
20
21
22
23
24
27
25
26
30
28
29
33
31
32
34
46
47
195
194
35
36
37
38
39
40
42
41
43
78
48
49
50
51
52
53
56
54
55
59
57
58
62
60
61
64
63
65
66
67
69
68
71
70
75
74
76
73
72
79
80
86
87
89
88
91
90
95
94
96
93
92
109
110
111
112
113
122
114
115
116
117
120
119
118
121
124
123
125
129
128
131
130
